filenames= {'violaris-golf';
            'violaris2-golf';
            'theo-last-golf';
            'theo-golf';
            'the0-thu2-golf';
            'theo-thur-golf';           
            'theo2203-2golf';
            'theo2203-golf';
            'kotsios-golf';
            'kotsios2203-golf';
            'loizos2-golf';
            'loizos-golf';
            'xristos2-golf';
            'xristos-golf'
           };
  
numbers=[9 8 7 6 5 4 2 0 0 0 0 0 0 0 0 0 0 0 0 0 0 0 0 0;
         5 4 3 2 1 0 0 0 0 0 0 0 0 0 0 0 0 0 0 0 0 0 0 0;
         4 3 2 1 0 0 0 0 0 0 0 0 0 0 0 0 0 0 0 0 0 0 0 0;
         9 8 7 0 0 0 0 0 0 0 0 0 0 0 0 0 0 0 0 0 0 0 0 0;         
         5 4 3 2 1 0 0 0 0 0 0 0 0 0 0 0 0 0 0 0 0 0 0 0;
         20 19 17 8 7 6 5 4 3 2 1 0 0 0 0 0 0 0 0 0 0 0 0 0;
         7 6 5 4 3 2 1 0 0 0 0 0 0 0 0 0 0 0 0 0 0 0 0 0;
         6 5 4 3 2 1 0 0 0 0 0 0 0 0 0 0 0 0 0 0 0 0 0 0;
         5 4 3 2 1 0 0 0 0 0 0 0 0 0 0 0 0 0 0 0 0 0 0 0;
         14 13 12 11 10 9 8 7 6 5 4 3 2 1 0 0 0 0 0 0 0 0 0 0;
         21 20 19 18 17 16 15 14 13 12 11 10 9 8 7 6 5 4 3 2 1 0 0 0;
         8 7 6 5 4 3 2 1 0 0 0 0 0 0 0 0 0 0 0 0 0 0 0 0;
         6 5 4 3 2 1 0 0 0 0 0 0 0 0 0 0 0 0 0 0 0 0 0 0;
         23 22 21 20 19 18 17 16 15 14 13 12 11 10 9 8 7 6 5 4 3 2 1 0
         ];
     
class={'violaris' 0;
       'theo' 1;
       'kotsios' 2;
       'loizos' 6;
       'xristos' 7};
   
 classnum=[0 0 1 1 1 1 1 1 2 2 6 6 7 7];