filenames= {'violaris-newtrack-golf';
            'the0-newtrack-golf';
            'the02-newtrack-golf';
            'theo4-newtrack-golf'
            'theo6-newtrack-golf';
            'kotsios-newtrack-golf';
            'loizos2-newtrack-golf';
            'loizos3-new track-golf';
            'loizos5-newtrack-golf';
            'xristos2-newtrack-golf';
            'xristos-newtrack-golf';
           };
  
numbers=[1 2 3 4 5 6 7 8 9 10 11 12 13 14 15 16;
         1 2 3 4 5 0 0 0 0 0 0 0 0 0 0 0;
         1 2 3 4 5 7 0 0 0 0 0 0 0 0 0 0;
         1 2 3 4 5 6 7 8 9 0 0 0 0 0 0 0;
         1 2 3 4 5 0 0 0 0 0 0 0 0 0 0 0;
         2 3 4 5 6 7 8 9 10 11 12 13 0 0 0 0;
         1 2 4 5 6 7 8 0 0 0 0 0 0 0 0 0;
         1 2 3 4 5 6 7 8 9 0 0 0 0 0 0 0;
         1 2 3 4 5 6 0 0 0 0 0 0 0 0 0 0;
         1 2 3 4 5 6 0 0 0 0 0 0 0 0 0 0;
         1 2 3 4 5 6 7 8 9 10 11 0 0 0 0 0;
         ];
     
class={'violaris' 0;
       'theo' 1;
       'kotsios' 2;
       'loizos' 6;
       'xristos' 7};
   
 classnum=[0 1 1 1 1 2 6 6 6 7 7];